phenotype outlier_Count outlier_Rows
global_avg_scaled.CT 60 19,33,2274,2649,4366,6181,9086,9091,9973,10851,12550,12853,13381,14825,15741,16220,17006,18514,20462,21585,24534,24749,24857,25922,25994,27022,28388,29821,32255,34702,35725,36245,36406,36985,37267,37458,37537,37904,37916,41385,42745,42959,43157,45549,45579,46167,49234,49697,49824,49923,51950,55107,56110,56185,56800,57476,58463,58516,60506,60822
global_avg_scaled.FA 75 1040,1427,1572,2204,2883,4806,5105,6054,8854,8919,9007,9315,9381,9736,9838,10242,12880,13048,13945,14369,14548,14612,14644,14892,15265,15460,16611,16689,16701,17092,17851,18597,22019,22357,23364,23746,25047,28825,30092,30739,32938,33320,33426,33646,36073,36805,37491,39628,39891,40105,42959,43326,44019,44054,44096,44288,44778,44972,47737,49033,49387,50659,52635,53238,54298,54588,54975,55323,56603,57581,57866,58879,59679,60396,60992
global_avg_scaled.MD 0 
global_avg_scaled.FI 48 680,1120,2138,2162,2915,4152,5076,6112,7091,8820,11191,12550,13164,13726,14108,17347,20488,23945,24578,25772,25936,27548,28063,28388,28664,29361,31430,31456,32813,33979,34143,34645,38574,41385,41818,42427,42968,43369,44153,45295,51785,52631,52757,56124,56915,57811,58113,60038
global_avg_scaled.GC 242 110,201,273,427,534,680,844,929,1749,1855,2004,2412,2507,2881,3117,3191,3436,3573,4022,4061,4065,4280,4371,4507,4579,4647,4775,5014,5086,5462,5482,5669,6101,6181,6243,6370,6578,6763,8247,8440,8927,9281,9572,9672,10628,10843,11337,11404,11554,11614,11829,11973,12099,12203,12480,12502,12581,12853,13045,13607,13695,13813,14545,14577,15434,15497,15531,15580,15645,15909,16899,16940,17031,17245,17408,17830,18233,18409,19116,19381,19411,19562,19692,19920,19952,21458,21980,21995,22395,22685,23248,23630,23672,23833,24309,24728,24804,24968,25195,25321,25439,25831,26052,26411,26877,27406,27461,27513,27821,28647,28812,28816,29308,29679,29735,29878,30062,30368,30806,31150,31369,32102,32359,32559,32608,32703,32794,32981,33354,33489,33511,33599,33676,34210,34280,34353,34478,34597,34702,34828,34881,34997,35012,35613,36273,36372,36484,36743,37258,37346,38010,38194,38574,38607,38701,38772,38802,39369,39697,39811,40043,40454,40494,40826,40894,41113,41189,41560,42049,42143,42362,42522,42656,42745,43153,43188,43340,43541,44057,44227,45281,45490,45580,45631,45865,46103,46132,46251,46396,46417,46475,46709,47994,48023,48258,48559,48740,49296,49407,49805,50099,50126,50298,50307,50345,50689,50777,51223,51300,51350,51542,51648,51687,51726,52136,52808,53022,53030,53083,53110,53212,53262,53756,54474,55009,55843,55933,56834,57282,57476,57875,58039,58067,58157,58449,59332,59850,60134,60261,60736,60822,60936
global_avg_scaled.GMV 0 
global_avg_scaled.IC 116 273,329,1243,1727,1749,2382,2412,2532,2591,2615,2634,4848,5017,6101,7323,8820,8927,9551,9831,10678,10934,11184,12550,12853,13112,13278,13695,13813,14077,14331,15685,16511,16652,16940,17331,17374,17408,17843,17853,18062,18181,18603,18658,19381,20228,20383,21409,21458,21980,22154,23248,23356,23422,23633,24160,25430,25831,26052,26411,27513,28647,28664,29968,30287,30368,30801,32559,32981,33676,34687,35257,35827,36043,36743,36814,36927,37189,37879,38409,39786,40894,41113,41486,42126,42362,42522,43478,43834,44428,45628,45865,47619,47831,48293,48373,48379,49355,49400,49756,49805,50689,52044,52133,52509,52695,52757,53627,56110,56185,56372,56603,56722,57834,59040,59332,59529
global_avg_scaled.MC 3 24534,25527,33443
global_avg_scaled.ICVF 22 684,2898,3498,8479,8825,8863,13048,13582,24323,25474,26434,26544,27243,33525,35193,38671,39554,44716,48589,55323,59783,60992
global_avg_scaled.ISOVF 0 
global_avg_scaled.OD 13 1272,2622,8854,16813,21966,25197,25474,27915,30532,31017,40411,44354,45865
global_avg_scaled.SA 0 
