subcor_region outlier_Count outlier_Rows
Lateral.Ventricle 230 12,962,1144,1294,1483,1581,1650,1937,2030,2303,2412,2509,2796,3464,3678,3806,3841,4000,4128,4576,4956,5663,6141,6854,6862,7059,7189,7522,8239,8441,8597,8780,8852,9878,9955,10161,10286,10336,10855,11393,12090,12324,12355,13204,13419,13547,13649,14389,14501,14627,14793,14847,15008,15047,15396,15409,16022,16329,16760,16961,18384,18742,19040,19652,19794,19987,20141,20338,20548,20609,20654,20809,21431,21613,21869,21947,22207,22428,22487,22599,22655,22701,22798,22967,23041,23169,23339,23696,23736,24202,24719,24964,24982,25149,25322,25651,26043,26432,26806,26827,26915,27261,27268,28381,28456,28537,28843,29301,29474,29780,30257,30417,31088,31101,31665,32023,32814,33027,33144,33193,33282,33354,33409,33639,33881,34089,34114,34131,34330,34665,35442,35575,35651,35928,36141,36207,36542,37210,37255,37675,37898,38955,39396,39450,39558,40254,40264,41797,41957,42321,42351,42532,43904,44382,44735,45146,45272,45426,45674,45989,46084,46294,46362,46412,46904,47312,47383,47392,47641,47666,47675,47754,48275,48294,48366,48440,49116,49398,49523,49787,50318,50388,50631,50799,50837,50998,51180,51276,51346,51629,51783,51802,52190,52881,53023,53142,53179,53656,53680,53790,53897,54485,54976,55243,55702,55889,56347,56553,56754,57080,57156,57652,57780,58569,58899,58929,59425,59579,59707,59741,59754,59885,59976,60003,60019,60278,60378,60385,60451,60718
Inf.Lat.Vent 610 8,12,76,114,122,314,379,511,671,691,816,833,915,943,1004,1034,1098,1176,1221,1332,1386,1398,1500,1754,1940,2019,2030,2044,2159,2303,2316,2397,2414,2509,2634,2742,2793,2871,2912,3127,3157,3235,3248,3295,3421,3512,3613,3902,3994,4000,4082,4146,4264,4506,4540,4606,4785,4821,5117,5148,5164,5203,5262,5468,5607,5703,5787,6285,6339,6710,6847,6862,6871,7196,7210,7219,7439,7806,7988,8107,8158,8345,8441,8460,8543,8574,8597,8611,8787,8806,8822,8852,8911,9106,9207,9302,9539,9675,9767,9866,9967,10161,10260,10385,10422,10532,10622,10751,10779,11042,11102,11191,11282,11375,11386,11387,11451,11609,11670,11924,11986,12061,12074,12082,12150,12246,12285,12291,12559,12786,12815,12867,12900,12990,13094,13138,13194,13402,13411,13435,13446,13513,13573,13649,13713,13719,13814,13912,13933,13949,13972,14022,14026,14137,14146,14321,14471,14480,14501,14602,14620,14645,14703,14712,14806,14907,15013,15047,15054,15167,15185,15419,15505,15524,15596,15698,15820,16106,16143,16213,16215,16315,16606,16629,16650,16760,16770,16779,16811,16897,16961,17042,17058,17180,17306,17443,17501,17572,17608,17721,17874,18145,18146,18268,18513,18569,18576,18641,18742,19040,19048,19167,19242,19486,19539,19659,19702,19739,19977,20166,20457,20463,20699,20707,20764,20773,20779,21184,21410,21461,21609,21680,21697,21859,21947,21973,22034,22086,22101,22321,22428,22516,22566,22599,22628,22655,22657,22731,22741,22941,22967,23018,23058,23555,23567,23663,23673,23696,23927,24010,24026,24202,24347,24362,24532,24572,24694,24851,24896,24927,24964,25141,25319,25451,25469,25552,25586,25640,25651,25725,26068,26194,26251,26266,26273,26302,26430,26573,26775,26827,26843,26906,26912,26915,26997,27184,27444,27553,27577,28015,28053,28210,28300,28374,28382,28384,28404,28456,28457,28475,28537,28593,28830,28897,28997,28998,29143,29358,29415,29549,29561,29567,29575,29639,29743,29808,29956,30162,30346,30367,30385,30512,30515,30622,30647,30721,30740,30906,30917,30935,30951,31101,31199,31249,31266,31276,31594,31617,31737,31985,32287,32376,32387,32482,32549,32665,32943,32952,33018,33140,33258,33380,33409,33538,33557,33706,33918,34060,34092,34114,34295,34309,34463,34605,34888,34895,35376,35490,35508,35565,35590,35651,35791,35817,35857,36014,36031,36171,36270,36350,36419,36464,36473,36542,37122,37192,37239,37255,37317,37657,37723,37887,38156,38211,38256,38292,38332,38364,38581,38709,38719,38780,38803,38935,38979,39016,39104,39143,39199,39298,39453,39575,39761,39859,39940,39968,40050,40103,40130,40136,40144,40169,40522,40740,40818,40908,41210,41346,41392,41513,41528,41545,41564,41661,41668,42091,42292,42351,42455,42537,42563,42565,42885,43142,43212,43275,43554,43601,43697,43719,43863,43912,43921,43952,43979,44162,44259,44301,44504,44617,44738,44904,45018,45195,45317,45547,45680,45821,45876,45929,46062,46084,46120,46213,46215,46294,46396,46397,46637,46642,46704,46904,47357,47438,47564,47621,47791,47906,48050,48215,48294,48620,48788,49116,49246,49276,49506,49554,49787,50388,50497,50655,50810,50883,50972,50998,51052,51457,51544,51669,51685,51688,51689,52384,52469,52585,52658,52698,52719,52900,52931,52955,53016,53118,53142,53212,53268,53315,53506,53656,53725,53747,53967,54051,54063,54105,54116,54253,54314,54345,54539,54813,54976,55185,55309,55373,55389,55432,55533,55573,55786,55863,55978,55981,55987,56074,56551,56553,56557,56670,56856,56885,56914,57187,57197,57289,57707,58176,58239,58255,58273,58327,58391,58478,58853,58955,59078,59212,59579,59599,59705,59707,59808,59919,59963,60028,60200,60214,60250,60278,60303,60319,60425,60451,60467,60567,60577,60718,60801,60891
Cerebellum.White.Matter 0 
Cerebellum.Cortex 0 
Thalamus.Proper 0 
Caudate 13 3462,4272,9373,15941,16174,35994,36843,43086,43126,43550,46914,58651,59697
Putamen 4 42042,42387,52113,52719
Pallidum 1 59460
Hippocampus 0 
Amygdala 1 1936
Accumbens.area 1 59979
VentralDC 0 
vessel 642 18,92,255,278,332,710,1067,1132,1259,1287,1420,1436,1713,1779,1943,1966,1987,2192,2269,2313,2365,2700,2737,2772,2865,2923,3018,3102,3131,3146,3216,3292,3408,3462,3476,3565,3583,3600,4049,4098,4134,4376,4408,4506,4551,4599,4758,4983,4985,5048,5162,5218,5260,5388,5641,5939,5949,5976,6067,6091,6115,6179,6285,6323,6492,6749,6999,7024,7104,7200,7425,7429,7504,7560,7680,7738,7838,7882,7897,7911,7952,7996,8011,8062,8159,8174,8192,8239,8378,8489,8495,8567,8620,8631,8797,8930,8948,8991,9072,9279,9316,9350,9360,9365,9490,9525,9566,9597,9605,9878,10093,10163,10312,10427,10576,10650,10808,10902,11035,11073,11120,11180,11392,11592,11613,11843,11865,11969,12064,12187,12348,12361,12570,12591,12628,12687,12741,12749,12858,12902,12991,13165,13179,13207,13445,13524,13538,13682,13683,13690,13701,13771,13919,13987,14005,14050,14412,14422,14540,14579,15084,15135,15279,15283,15331,15531,15559,15683,15719,15828,15846,16013,16047,16171,16497,16529,16542,16792,16834,16855,16879,16882,16951,17029,17051,17297,17362,17510,17558,17625,17638,17746,17852,17915,17999,18247,18264,18362,18494,18495,18515,18524,18567,18733,18738,18742,18761,18907,19346,19495,19528,19600,19655,19712,19772,19902,19960,20172,20217,20289,20304,20374,20464,20504,20574,20844,20852,20930,20985,21045,21108,21134,21260,21405,21407,21409,21440,21523,21595,21702,21818,21906,22018,22176,22216,22276,22287,22310,22421,22446,22499,22536,22565,22596,22643,22850,23025,23046,23076,23114,23142,23616,23698,23769,23790,23837,23869,23924,24029,24301,24314,24442,24713,24821,25016,25017,25020,25087,25307,25469,25511,25660,25714,25984,26026,26035,26354,26375,26423,26426,26430,26603,26666,26840,26930,26986,27261,27323,27448,27449,27544,27641,27793,27807,27811,28006,28050,28258,28271,28390,28498,28605,29078,29206,29225,29229,29262,29352,29400,29581,29733,29780,29824,30059,30175,30187,30217,30330,30530,30539,30740,30752,30800,30923,31059,31076,31182,31237,31274,31704,31737,32031,32139,32173,32212,32241,32278,32531,32576,32585,32732,32745,32826,32855,32856,32936,33093,33099,33125,33278,33284,33313,33316,33447,33605,33921,33951,34025,34112,34192,34348,34354,34363,34389,34576,34641,34716,34718,34956,34993,35049,35094,35132,35138,35243,35349,35451,35750,35773,35883,35926,35942,35949,36152,36155,36186,36576,36594,36615,36843,36928,37070,37227,37274,37409,37457,37461,37567,37654,37727,37858,37981,37999,38082,38147,38228,38331,38340,38431,38456,38481,38507,38657,38685,38694,38699,38864,38981,39318,39437,39577,39609,39630,39687,39754,39764,39796,39942,39956,40047,40097,40109,40284,40365,40391,40450,40553,40554,40582,40695,40777,40812,40905,41162,41449,41482,41484,41519,41688,41695,41720,41900,42011,42106,42138,42245,42266,42455,42593,42604,42643,42750,42963,43148,43187,43250,43544,43615,43626,43803,44025,44040,44253,44262,44280,44301,44486,44495,44497,44630,44711,44766,44992,45034,45119,45210,45262,45331,45351,45374,45412,45447,45515,45545,45603,45686,46071,46140,46214,46285,46491,46642,46695,46802,46866,47250,47348,47392,47418,47434,47486,47501,47523,47549,47601,47646,47759,47825,47877,47903,47944,48108,48304,48333,48679,48900,48943,49053,49108,49239,49441,49453,49454,49456,49680,49786,49957,50040,50258,50376,50606,50895,51179,51188,51679,51740,51753,51765,51919,52065,52616,52697,52718,52719,52731,52866,52986,53085,53186,53345,53436,53511,53864,53914,54029,54127,54239,54332,54523,54570,54627,54769,54799,54874,54937,55043,55258,55487,56174,56283,56404,56539,56575,56991,56999,57109,57155,57253,57754,57790,57981,58262,58289,58332,58437,58442,58490,58531,58581,58676,58709,58733,58823,58824,58901,58919,59040,59172,59262,59273,59424,59704,59764,59802,59809,59886,60028,60047,60112,60147,60298,60540,60610,60669,60771,60786,60810,61112,61124,61147,61180,61190
choroid.plexus 0 
X3rd.Ventricle 39 498,671,1176,2030,2879,3149,3235,5203,5625,6518,7256,8691,12324,17443,20878,21722,22134,22198,22967,24292,30162,32608,34359,35803,35878,38247,41370,41580,45821,47564,47695,47867,48410,48595,49316,51091,53450,53897,56754
X4th.Ventricle 57 4039,5300,6150,7364,7545,7799,9717,13641,17249,18760,18894,18901,22198,22655,23522,24962,25141,26924,27042,27268,27394,28208,29211,29999,30257,31269,32381,33111,33259,33870,35134,36637,37122,39892,39914,40975,42052,43098,44171,46254,47695,47953,48366,48793,50087,51470,54581,54858,55958,56818,57761,58141,58239,58476,58560,59503,60930
Brain.Stem 0 
CSF 41 7960,8597,9884,10163,11161,11986,14277,17193,17819,19165,20817,20878,21431,21950,22134,22628,22872,25020,25591,26796,28537,31016,31823,38658,39978,40961,43465,44255,44735,46362,46418,47383,48954,52197,53179,54314,55036,58708,59353,59946,61173
WM.hypointensities 3010 3,8,9,20,23,40,61,67,112,139,169,268,270,301,308,313,314,348,393,415,423,508,511,533,548,555,562,597,605,610,611,624,662,671,690,697,717,734,745,766,770,772,800,801,804,812,845,849,859,865,874,880,896,899,926,943,989,1035,1044,1068,1086,1124,1146,1152,1156,1160,1193,1208,1210,1221,1236,1243,1244,1267,1274,1278,1292,1316,1332,1348,1378,1379,1386,1388,1390,1399,1443,1513,1549,1553,1563,1611,1638,1660,1688,1691,1717,1723,1725,1726,1746,1752,1755,1771,1805,1816,1817,1824,1853,1857,1912,1928,1964,1988,2018,2030,2057,2063,2107,2135,2154,2159,2183,2198,2227,2230,2245,2263,2270,2304,2393,2394,2420,2430,2431,2436,2442,2448,2450,2457,2465,2496,2543,2580,2587,2649,2684,2692,2702,2717,2722,2750,2759,2802,2819,2831,2843,2845,2854,2907,2928,2969,3003,3010,3067,3073,3080,3099,3126,3129,3159,3175,3187,3205,3218,3226,3230,3235,3248,3262,3282,3293,3314,3365,3377,3396,3411,3427,3464,3504,3512,3519,3541,3546,3560,3571,3601,3611,3625,3629,3630,3656,3725,3739,3761,3806,3814,3837,3847,3857,3870,3881,3961,3972,3991,3994,4009,4012,4025,4049,4053,4078,4099,4104,4111,4153,4175,4182,4189,4223,4228,4231,4261,4264,4272,4274,4278,4389,4391,4410,4420,4469,4474,4535,4558,4559,4598,4610,4634,4639,4647,4654,4670,4676,4686,4694,4757,4795,4804,4810,4827,4852,4865,4895,4903,4909,4915,4938,4940,4958,4975,4980,5010,5024,5036,5094,5117,5120,5134,5162,5164,5168,5204,5210,5220,5262,5301,5303,5327,5338,5357,5370,5375,5382,5395,5400,5411,5428,5436,5442,5468,5477,5503,5602,5631,5693,5727,5729,5763,5787,5788,5829,5838,5847,5863,5914,5917,5954,5993,6001,6043,6056,6059,6111,6140,6143,6149,6232,6239,6245,6256,6308,6314,6323,6339,6355,6381,6384,6389,6468,6490,6496,6510,6518,6535,6547,6562,6597,6633,6636,6669,6710,6726,6731,6739,6743,6758,6766,6787,6806,6847,6854,6858,6879,6927,6947,6996,7001,7039,7077,7083,7117,7174,7216,7219,7222,7245,7268,7273,7289,7291,7300,7302,7340,7342,7344,7353,7359,7379,7380,7419,7447,7490,7522,7546,7571,7575,7599,7626,7669,7682,7747,7764,7780,7781,7782,7783,7786,7806,7813,7827,7829,7837,7856,7886,7921,7936,7943,7966,7971,7999,8015,8069,8091,8137,8148,8167,8183,8194,8210,8225,8228,8239,8255,8271,8285,8309,8343,8363,8376,8381,8424,8436,8446,8460,8481,8498,8522,8525,8539,8552,8579,8588,8661,8698,8736,8788,8789,8800,8805,8829,8836,8854,8870,8931,8949,8954,8987,8993,8995,9040,9079,9153,9205,9207,9223,9258,9275,9279,9312,9331,9333,9340,9345,9353,9375,9428,9455,9537,9539,9561,9572,9578,9591,9597,9621,9630,9653,9661,9695,9724,9749,9760,9774,9776,9812,9824,9874,9955,9970,10004,10014,10040,10064,10088,10094,10115,10141,10155,10159,10163,10212,10229,10240,10241,10266,10276,10282,10291,10293,10303,10313,10326,10339,10357,10418,10421,10422,10423,10450,10459,10473,10499,10518,10559,10565,10573,10602,10617,10622,10637,10644,10706,10730,10768,10787,10817,10825,10830,10846,10851,10855,10887,10890,10892,10931,10937,10962,10972,10997,11016,11031,11046,11092,11108,11124,11127,11146,11158,11165,11175,11222,11241,11253,11300,11303,11313,11360,11377,11380,11387,11401,11410,11417,11469,11482,11501,11562,11564,11577,11611,11625,11627,11637,11676,11688,11700,11713,11729,11750,11767,11784,11787,11793,11798,11800,11879,11910,11911,11924,11949,11951,12025,12028,12029,12100,12111,12133,12229,12232,12241,12246,12271,12280,12285,12288,12289,12324,12327,12331,12361,12379,12381,12423,12424,12427,12430,12455,12471,12483,12490,12498,12499,12559,12573,12589,12603,12617,12642,12670,12699,12733,12786,12794,12811,12813,12818,12822,12847,12852,12896,12943,12948,12949,12970,12974,12975,12979,12988,12999,13000,13062,13094,13097,13120,13139,13140,13172,13212,13230,13251,13308,13324,13349,13356,13371,13383,13395,13417,13474,13505,13506,13516,13534,13545,13547,13552,13563,13577,13593,13612,13618,13636,13674,13732,13739,13745,13783,13785,13790,13793,13797,13806,13814,13843,13873,13874,13893,13913,13915,13922,13925,13933,13950,13979,13989,13991,14009,14022,14026,14067,14071,14097,14112,14135,14147,14208,14215,14220,14228,14271,14277,14295,14340,14379,14383,14460,14463,14465,14470,14472,14474,14500,14536,14542,14559,14571,14601,14602,14621,14645,14655,14664,14671,14746,14765,14806,14822,14852,14864,14866,14878,14883,14907,14926,14978,15035,15059,15072,15094,15098,15114,15127,15141,15143,15184,15185,15187,15257,15267,15268,15271,15278,15299,15338,15382,15383,15385,15389,15396,15404,15421,15422,15434,15439,15442,15460,15481,15509,15524,15559,15582,15601,15603,15627,15635,15638,15668,15683,15686,15751,15755,15788,15794,15804,15820,15856,15873,15880,15882,15894,15895,15941,15994,16005,16011,16012,16023,16091,16092,16103,16155,16158,16199,16224,16230,16232,16290,16305,16329,16342,16386,16389,16425,16433,16447,16469,16494,16506,16528,16529,16531,16548,16555,16575,16629,16630,16652,16677,16685,16723,16749,16758,16761,16773,16783,16811,16824,16855,16883,16901,16906,16912,16930,16949,16961,16988,17017,17049,17154,17184,17186,17203,17265,17288,17297,17302,17336,17339,17350,17361,17369,17371,17372,17413,17461,17496,17507,17515,17520,17553,17572,17592,17608,17621,17638,17752,17770,17771,17773,17785,17811,17823,17860,17951,17975,17987,18048,18090,18145,18146,18199,18216,18217,18222,18245,18248,18263,18268,18272,18298,18314,18323,18339,18360,18385,18387,18440,18442,18477,18488,18496,18498,18560,18592,18598,18662,18663,18664,18666,18675,18687,18704,18724,18736,18742,18747,18759,18785,18803,18810,18833,18835,18883,18903,18908,18911,18922,18964,19002,19020,19040,19060,19062,19068,19074,19113,19120,19133,19167,19213,19214,19225,19243,19296,19336,19343,19349,19359,19366,19419,19431,19480,19488,19517,19520,19528,19576,19583,19584,19602,19604,19624,19639,19654,19657,19683,19691,19728,19755,19790,19837,19844,19851,19867,19886,19920,19927,19948,20027,20035,20040,20045,20046,20055,20064,20083,20098,20136,20165,20166,20190,20267,20284,20286,20338,20340,20357,20450,20487,20573,20574,20601,20606,20648,20654,20672,20719,20723,20729,20753,20761,20764,20780,20809,20828,20831,20832,20849,20863,20880,20915,20916,20944,20980,20996,21009,21011,21036,21091,21105,21107,21109,21111,21131,21137,21180,21184,21208,21230,21263,21275,21297,21314,21323,21350,21395,21407,21418,21431,21433,21456,21460,21487,21494,21496,21509,21523,21541,21542,21546,21573,21586,21605,21629,21634,21638,21652,21655,21663,21664,21686,21707,21717,21729,21768,21772,21804,21820,21858,21859,21861,21942,21947,21969,21978,21979,21987,22005,22016,22027,22051,22052,22081,22085,22102,22103,22114,22117,22118,22121,22138,22198,22207,22212,22256,22257,22284,22299,22301,22315,22366,22387,22400,22402,22412,22413,22438,22487,22497,22509,22601,22602,22603,22649,22663,22673,22700,22718,22743,22748,22758,22772,22804,22818,22928,22941,22969,22971,22972,22984,23046,23076,23079,23082,23086,23138,23144,23148,23169,23189,23203,23221,23227,23243,23289,23328,23333,23352,23367,23403,23406,23408,23409,23418,23432,23449,23464,23469,23485,23546,23567,23581,23585,23664,23689,23818,23819,23820,23891,23927,23947,24005,24006,24026,24034,24037,24038,24074,24154,24162,24180,24203,24253,24257,24272,24292,24306,24308,24329,24347,24362,24368,24378,24389,24393,24437,24454,24460,24471,24531,24536,24544,24571,24582,24597,24658,24667,24682,24692,24716,24722,24730,24733,24784,24810,24822,24823,24876,24907,24978,24991,24998,25030,25031,25049,25063,25080,25090,25115,25133,25149,25180,25186,25236,25237,25250,25255,25259,25271,25309,25331,25345,25361,25378,25380,25388,25394,25401,25418,25437,25466,25469,25541,25552,25572,25583,25586,25591,25592,25601,25602,25611,25622,25653,25716,25737,25747,25782,25797,25828,25853,25885,25937,25957,25979,26004,26026,26057,26083,26126,26167,26182,26210,26273,26275,26342,26389,26499,26535,26573,26595,26603,26612,26641,26650,26675,26683,26690,26694,26711,26713,26796,26798,26806,26825,26832,26838,26842,26843,26846,26861,26862,26869,26905,26906,26921,26979,27021,27024,27044,27061,27068,27135,27145,27180,27187,27196,27200,27247,27258,27265,27328,27331,27332,27338,27346,27375,27436,27457,27463,27497,27541,27553,27557,27571,27586,27590,27644,27649,27680,27709,27711,27771,27782,27837,27860,27903,27920,27955,27956,27962,27964,28033,28034,28042,28051,28065,28070,28110,28113,28135,28137,28169,28183,28200,28215,28248,28295,28322,28360,28374,28384,28395,28401,28431,28479,28485,28491,28508,28526,28532,28597,28605,28611,28697,28732,28751,28775,28801,28812,28830,28863,28890,28891,28894,28932,28972,28975,28983,28997,29013,29044,29048,29049,29095,29108,29115,29173,29191,29193,29220,29233,29245,29269,29286,29306,29354,29366,29372,29393,29413,29420,29506,29527,29547,29549,29550,29566,29569,29575,29643,29666,29667,29682,29694,29709,29751,29782,29785,29799,29802,29806,29808,29815,29828,29841,29842,29854,29891,29940,29967,29990,29994,30015,30050,30061,30160,30174,30202,30250,30257,30269,30273,30285,30322,30327,30358,30360,30421,30425,30453,30488,30515,30519,30547,30551,30557,30593,30640,30647,30658,30663,30676,30689,30704,30724,30745,30773,30777,30822,30870,30906,30917,30951,30971,31004,31005,31023,31048,31072,31088,31104,31108,31199,31214,31215,31243,31252,31261,31301,31309,31325,31326,31343,31389,31416,31455,31467,31480,31501,31558,31563,31575,31620,31622,31646,31651,31658,31677,31681,31698,31714,31757,31766,31824,31831,31841,31846,31855,31896,31902,31903,31945,31962,31985,31989,32035,32054,32057,32065,32080,32092,32204,32207,32222,32249,32280,32287,32288,32321,32347,32359,32374,32376,32429,32482,32537,32549,32551,32561,32571,32580,32612,32616,32620,32665,32699,32717,32736,32771,32772,32789,32792,32814,32853,32869,32873,32880,32885,32938,32943,32958,32971,32984,33003,33013,33021,33032,33052,33066,33106,33111,33164,33165,33193,33207,33217,33280,33310,33338,33340,33347,33356,33374,33409,33433,33436,33442,33450,33460,33493,33499,33501,33535,33552,33590,33614,33621,33689,33715,33820,33833,33869,33880,33882,33908,33934,33940,33949,33954,33973,33982,33984,34041,34044,34057,34071,34100,34181,34208,34211,34248,34254,34263,34303,34306,34352,34359,34369,34432,34450,34456,34539,34542,34593,34594,34602,34618,34622,34646,34650,34670,34687,34689,34715,34858,34893,34930,34951,34958,34974,35057,35071,35079,35144,35145,35183,35187,35199,35207,35213,35287,35294,35304,35312,35337,35342,35420,35455,35483,35487,35508,35546,35563,35565,35572,35581,35584,35586,35590,35606,35632,35646,35651,35674,35717,35740,35803,35808,35817,35828,35838,35849,35856,35862,35865,35877,35911,35926,35927,35928,35939,35966,35976,35978,35987,36024,36034,36045,36050,36056,36084,36137,36141,36175,36185,36189,36222,36250,36268,36270,36279,36280,36332,36350,36352,36408,36414,36420,36435,36452,36458,36464,36473,36487,36542,36557,36570,36581,36671,36697,36705,36714,36777,36801,36802,36809,36904,36907,36927,36955,37010,37029,37060,37063,37105,37113,37122,37132,37133,37136,37163,37176,37177,37187,37208,37210,37218,37262,37268,37272,37296,37317,37343,37409,37427,37445,37482,37503,37537,37545,37557,37596,37622,37670,37679,37715,37738,37760,37768,37952,38024,38029,38033,38037,38072,38092,38110,38128,38154,38187,38189,38252,38256,38275,38283,38290,38322,38325,38330,38339,38359,38373,38442,38444,38465,38474,38481,38507,38513,38535,38544,38581,38598,38612,38622,38632,38637,38646,38650,38656,38657,38719,38731,38759,38780,38805,38842,38876,38882,38900,38935,38979,38986,39019,39042,39086,39104,39118,39132,39133,39136,39143,39155,39156,39165,39185,39189,39224,39230,39271,39315,39346,39347,39349,39358,39372,39393,39398,39408,39437,39452,39453,39470,39490,39494,39499,39520,39525,39526,39544,39548,39565,39571,39583,39603,39618,39634,39636,39641,39656,39698,39747,39748,39806,39833,39840,39851,39865,39875,39878,39885,39910,39924,39960,39976,39985,39991,39994,40008,40017,40039,40043,40061,40080,40094,40112,40117,40130,40142,40200,40207,40215,40217,40246,40258,40259,40342,40404,40591,40619,40622,40648,40708,40725,40738,40740,40748,40779,40801,40822,40827,40846,40876,40918,40948,40955,41003,41136,41163,41174,41203,41212,41215,41222,41344,41352,41366,41372,41401,41409,41435,41441,41460,41507,41569,41580,41633,41666,41668,41751,41752,41810,41814,41842,41846,41859,41874,41883,41888,41903,41944,41957,41972,41993,42025,42042,42046,42058,42091,42142,42144,42174,42179,42193,42206,42225,42238,42279,42368,42422,42438,42450,42455,42521,42529,42537,42540,42549,42611,42654,42669,42680,42742,42750,42758,42825,42850,42851,42852,42891,42931,43010,43049,43052,43064,43079,43086,43119,43126,43138,43141,43143,43172,43181,43188,43217,43276,43279,43292,43296,43311,43328,43351,43355,43379,43380,43391,43454,43469,43510,43528,43529,43542,43580,43581,43612,43615,43638,43673,43697,43719,43722,43734,43758,43772,43839,43863,43904,43906,43907,43912,43944,43952,43953,43976,44006,44012,44016,44048,44051,44064,44162,44187,44188,44228,44248,44255,44259,44262,44301,44327,44341,44358,44382,44416,44422,44447,44453,44459,44474,44491,44510,44557,44587,44605,44619,44621,44634,44657,44658,44692,44714,44724,44734,44735,44738,44748,44755,44811,44823,44875,44900,44904,44909,44937,44988,45021,45073,45094,45115,45145,45147,45180,45189,45195,45198,45201,45281,45285,45297,45303,45317,45330,45339,45360,45367,45379,45400,45401,45407,45409,45430,45444,45541,45576,45580,45632,45633,45652,45678,45687,45821,45839,45848,45877,45880,45892,45905,45913,45927,45929,45930,45944,45957,45981,45983,45993,46000,46018,46034,46040,46052,46062,46133,46154,46163,46179,46211,46215,46239,46294,46372,46406,46420,46443,46461,46490,46514,46546,46557,46580,46584,46590,46606,46607,46612,46624,46627,46642,46646,46678,46732,46742,46763,46864,46908,46917,46944,46955,47038,47105,47108,47110,47115,47132,47152,47163,47164,47189,47200,47232,47234,47251,47271,47283,47298,47302,47308,47310,47332,47340,47383,47425,47427,47434,47438,47465,47468,47482,47488,47517,47521,47606,47634,47653,47666,47675,47691,47692,47719,47821,47844,47851,47862,47889,47913,47915,47943,47958,48001,48084,48095,48111,48117,48129,48155,48171,48175,48208,48281,48288,48289,48294,48350,48366,48369,48390,48410,48413,48422,48435,48449,48459,48472,48481,48486,48502,48503,48544,48566,48584,48588,48618,48648,48720,48723,48735,48776,48779,48800,48805,48832,48872,48883,48935,48972,48992,48995,49036,49040,49043,49044,49047,49050,49075,49090,49112,49127,49144,49145,49170,49178,49192,49219,49241,49290,49314,49318,49379,49388,49393,49398,49407,49436,49443,49468,49477,49496,49547,49554,49562,49592,49600,49639,49655,49719,49721,49726,49758,49770,49775,49787,49815,49854,49857,49885,49940,49956,49970,50028,50032,50068,50079,50106,50108,50120,50162,50187,50238,50262,50268,50275,50296,50318,50332,50336,50341,50354,50373,50374,50425,50487,50489,50491,50497,50502,50606,50625,50691,50803,50813,50815,50853,50870,50874,50883,50919,50949,50977,51046,51048,51052,51053,51063,51066,51078,51086,51088,51104,51189,51214,51246,51313,51330,51346,51366,51378,51410,51431,51434,51462,51464,51470,51495,51501,51518,51531,51536,51550,51566,51573,51598,51612,51686,51688,51713,51738,51755,51797,51799,51807,51825,51827,51844,51860,51905,51935,51976,51989,52010,52011,52057,52065,52083,52109,52120,52133,52154,52166,52193,52194,52202,52244,52258,52266,52324,52330,52373,52384,52401,52426,52427,52435,52450,52498,52510,52520,52527,52544,52558,52595,52603,52630,52634,52656,52666,52677,52685,52686,52696,52706,52719,52795,52827,52837,52854,52881,52900,52904,52923,52925,52926,52940,52954,52971,52976,53005,53016,53021,53062,53063,53110,53142,53189,53190,53234,53257,53262,53282,53286,53334,53354,53364,53408,53418,53424,53433,53448,53467,53496,53509,53535,53547,53578,53596,53654,53656,53658,53661,53680,53686,53713,53726,53730,53747,53764,53769,53861,53863,53866,53912,53919,53964,53974,54002,54005,54011,54043,54056,54116,54135,54174,54243,54261,54286,54318,54426,54440,54477,54485,54509,54510,54551,54554,54568,54587,54590,54599,54639,54650,54666,54683,54713,54714,54750,54811,54817,54838,54858,54882,54887,54896,54941,54949,54950,54976,55005,55031,55037,55041,55099,55110,55117,55119,55194,55218,55257,55280,55293,55309,55311,55315,55326,55327,55344,55369,55373,55434,55447,55501,55577,55580,55626,55627,55629,55650,55666,55690,55707,55747,55761,55772,55776,55786,55803,55831,55845,55879,55888,55889,55896,55918,55919,55926,56065,56066,56094,56096,56121,56156,56174,56179,56200,56228,56236,56258,56282,56339,56347,56362,56372,56391,56422,56463,56521,56557,56558,56567,56628,56642,56697,56702,56704,56723,56749,56786,56809,56810,56820,56826,56901,56947,56949,56967,56995,57020,57035,57049,57057,57089,57101,57108,57111,57116,57121,57144,57157,57171,57193,57232,57284,57289,57306,57308,57336,57366,57369,57375,57390,57394,57401,57417,57432,57508,57509,57515,57602,57648,57652,57655,57658,57689,57698,57705,57707,57722,57730,57754,57761,57773,57778,57780,57784,57785,57792,57820,57836,57907,57923,57924,57926,57936,57942,57948,57966,58045,58052,58060,58069,58083,58107,58116,58192,58236,58240,58253,58255,58272,58283,58298,58356,58364,58369,58404,58415,58426,58443,58531,58581,58612,58636,58639,58646,58651,58680,58698,58705,58708,58721,58748,58754,58799,58802,58887,58909,58942,59000,59015,59027,59029,59085,59148,59150,59212,59214,59247,59334,59337,59339,59343,59360,59379,59399,59407,59425,59493,59497,59528,59531,59579,59580,59599,59628,59635,59670,59675,59681,59699,59704,59750,59754,59803,59867,59899,59919,59928,59952,59966,59973,59984,60006,60029,60035,60043,60048,60053,60062,60107,60114,60133,60150,60241,60248,60250,60278,60319,60328,60359,60373,60378,60394,60420,60423,60431,60449,60472,60489,60497,60505,60512,60552,60567,60621,60670,60677,60680,60691,60730,60736,60760,60765,60807,60879,60930,60996,61027,61043,61048,61053,61059,61083,61100,61119,61173,61190,61202,61203,61215
Optic.Chiasm 0 
CC_Posterior 16 9183,9434,10366,12015,13996,16354,19870,26912,28959,33715,41065,41210,47576,50388,51827,60200
CC_Mid_Posterior 0 
CC_Central 229 387,696,724,861,988,1261,1613,1661,2931,3050,3076,3448,3954,3998,4128,4160,4169,4341,4381,4461,4867,4892,5018,5289,6117,6324,6753,6954,6958,7424,7784,8353,8541,8640,9076,9090,9324,9670,10038,10067,10253,10942,11008,11079,11786,11834,12287,12513,12644,13360,13424,13440,13535,13720,13800,14120,14164,14299,14360,14530,14730,14762,14769,14884,15084,15119,15584,15731,16084,16291,17107,17311,18124,18376,18505,19778,20561,21196,21217,22061,22126,22397,22530,22634,22762,23014,23088,23107,23200,23696,23900,24121,24158,24370,24441,24487,24569,24736,24782,24889,25339,25463,25668,25960,26211,26474,26667,26868,27469,27867,28047,28415,28499,29452,29789,29951,30121,30350,30478,30834,30852,30937,31478,31508,32045,32476,33024,33479,33524,33758,33835,34134,34229,34344,34529,34639,35051,35099,35699,36112,36128,36131,36645,36762,36935,37499,37716,38196,38665,39226,39610,40454,40603,40640,40751,41544,41673,41795,41864,42928,42953,43091,43180,43994,44092,44474,44540,44976,45685,45945,46267,46287,46709,46949,47415,47473,47987,48074,48395,48551,48596,48850,48869,49166,49898,50292,50583,50635,50779,50833,50859,51126,51356,52313,52372,53093,53268,53277,53542,53706,53745,54254,54401,54714,55225,55880,56119,56961,56980,57010,57213,57260,57392,57557,57677,58967,59019,59126,59697,59829,59917,60070,60076,60183,60857,60927,60972,61026,61228
CC_Mid_Anterior 108 386,527,619,1337,1444,1661,2960,3050,4575,4775,5618,5669,6115,6977,7219,8320,8774,9076,9519,9907,10253,10447,10623,12644,12805,13533,13914,14120,14164,14530,15526,17107,18809,20669,20708,21196,22662,23088,23279,23787,23884,23900,23976,24158,24325,24370,24448,25389,26059,26232,26655,28415,28499,29452,29927,31250,32045,34134,34344,35098,35933,36523,38196,39680,40198,40640,40751,42048,42981,44648,45371,45945,46731,47415,47473,47899,47987,48669,48813,49758,49787,50127,50469,50958,51126,51662,52094,52372,52998,53151,53227,54168,54401,54592,55702,55978,56270,56512,57298,58199,58276,58366,59019,59105,59697,59829,60857,60972
CC_Anterior 0 
SubCortGrayVol 0 
