tract region outlier_Count outlier_Rows
tract_FA ar_l 0 
tract_FA ar_r 1 32740
tract_FA atr_l 2 25509,37550
tract_FA atr_r 5 5851,17613,29408,29469,37550
tract_FA cgc_l 0 
tract_FA cgc_r 0 
tract_FA cgh_l 0 
tract_FA cgh_r 0 
tract_FA cst_l 26 2077,3987,5767,6777,7684,10547,18489,18803,22349,22388,24845,27315,31698,31945,32702,32857,36659,39173,39273,42266,42584,44516,49036,50120,52865,57385
tract_FA cst_r 73 3087,3463,3747,6787,7684,7761,8270,8297,8845,11855,11918,12065,12111,12535,12939,13622,14500,16110,16267,16867,18193,18664,18722,19739,20085,22028,23464,23765,23957,24791,24845,26138,26713,29439,29526,29743,30243,31116,31231,31945,31967,32308,33629,34063,34817,35611,35615,37363,37722,37887,38011,38587,39763,41044,41393,41564,42459,43342,43381,45988,49564,49680,51024,51045,51054,52351,52445,52865,52986,53469,53502,53986,55527
tract_FA fma 7 2147,5185,8012,8419,10837,38653,57583
tract_FA fmi 1 31945
tract_FA ifo_l 13 9578,12121,13737,26608,29469,31945,31994,41261,42831,43304,51377,55933,57207
tract_FA ifo_r 8 16146,22160,26003,40584,47329,49657,53855,56334
tract_FA ilf_l 13 1107,3243,11310,13849,15187,19108,19590,20150,29469,31945,42339,46853,57583
tract_FA ilf_r 8 1137,3243,5449,13849,14518,34333,34486,51406
tract_FA mcp 403 146,603,609,857,961,996,1059,1074,1309,1509,1574,1779,1874,1896,1917,1957,2147,2582,2745,2754,3156,3243,3303,3387,3501,3549,3636,3685,3738,3767,4031,4367,4647,4685,4820,4992,5070,5449,5547,5886,6111,6141,6437,6852,7130,7155,7286,7295,7349,7453,7986,8012,8126,8134,8173,8213,8417,8582,8747,8752,8775,9102,9434,9446,9465,9511,9536,10027,10238,10276,10342,10519,10756,10880,10981,11444,11576,11637,11976,11990,12072,12079,12324,12399,12465,12587,12660,12706,12823,12846,12872,13025,13190,13242,13510,13512,13662,13664,13723,13737,13740,13773,13890,13968,14171,14216,14253,14268,14339,14752,14945,15231,15553,15631,15702,15760,15789,16100,16126,16230,16602,16662,16747,16959,16987,17087,17253,17459,17697,17754,17862,17974,18293,18304,18451,18575,18615,18743,18969,19007,19088,19212,19267,19353,19388,19737,19966,20066,20068,20157,20262,20375,20464,20585,20773,20918,21189,21364,21383,21574,21633,22210,22476,22626,22627,22749,22947,22959,23434,23463,23667,23767,23815,23894,24156,24250,24357,24520,24545,24660,24698,24869,24941,25048,25327,25380,26380,26580,26671,26675,26708,26729,26918,26965,27024,27149,27762,27789,27817,27979,28004,28008,28274,28345,28372,28420,28424,28650,28694,28967,29193,29254,29330,29457,29482,29556,29671,29725,29848,30077,30162,30308,30762,31028,31037,31048,31149,31181,31706,31754,31899,32104,32431,32538,32579,32598,32629,32697,32891,32981,33101,33158,33404,33416,33534,33757,33906,33956,33979,34042,34048,34238,34291,34375,34519,34638,35008,35019,35592,36022,36083,36152,36202,36235,36438,36479,36488,36730,36845,36910,36970,37210,37305,37665,38097,38150,38174,38269,38660,38918,38946,38986,39279,39307,39341,39382,40034,40088,40451,40518,40532,40588,40737,40799,40809,41091,41377,41401,41527,41781,41887,42067,42088,42533,42725,42849,42863,42913,42996,43207,43345,43678,43690,43713,43755,43812,43924,44242,44528,44597,44659,44687,44758,44816,45022,45259,45316,45393,45444,45474,45542,46110,46547,46853,47120,47131,47135,47382,47461,47548,47887,47891,48061,48442,48547,49204,49290,49435,49988,50006,50103,50128,50268,50490,50636,50885,50964,51037,51266,51490,51690,51974,52063,52223,52390,52391,52575,52777,52855,52892,52942,52998,53004,53123,53242,53575,53695,53801,53858,53867,53941,53973,53987,54130,54133,54201,54491,54790,55135,55269,55296,55460,55507,55567,55572,55776,55933,55985,56166,56801,56873,57245,57257
tract_FA ml_l 4 7508,8343,24709,47395
tract_FA ml_r 12 2914,7647,7765,8460,12528,14947,28014,39210,43416,45490,55313,55745
tract_FA ptr_l 31 961,1148,5719,11310,16146,18130,18582,19590,25841,26965,28206,28506,29848,31945,33348,33892,34080,37210,37394,41984,44816,45604,46307,47252,49956,53359,53486,54709,54790,55313,56091
tract_FA ptr_r 21 870,1148,1448,8343,8460,13849,15767,19108,22930,23815,28967,30813,31945,38697,41984,46305,46853,48244,51377,53486,54574
tract_FA slf_l 3 29469,40584,41845
tract_FA slf_r 4 19108,29469,30654,56334
tract_FA str_l 9 6322,14926,17121,17840,30654,36238,36659,43321,56334
tract_FA str_r 3 2261,29408,40256
tract_FA unc_l 1 17121
tract_FA unc_r 0 
tract_MD ar_l 11 3668,4156,6169,15820,22025,36786,37773,42650,47172,47737,57129
tract_MD ar_r 7 2866,16728,17438,22025,36426,37269,38255
tract_MD atr_l 4 17705,20625,22025,47251
tract_MD atr_r 5 19008,22025,36064,39871,47236
tract_MD cgc_l 11 125,936,3668,5851,14585,17134,17872,28276,35235,38174,54916
tract_MD cgc_r 18 89,265,2478,4507,5851,8546,9158,9469,27430,27697,36064,36786,39133,41507,41651,41835,55327,55676
tract_MD cgh_l 11 8922,12820,18246,26895,28913,31340,35155,42914,50108,50289,53781
tract_MD cgh_r 6 3668,6169,8922,44754,46288,54992
tract_MD cst_l 5 6322,28276,31961,39871,44235
tract_MD cst_r 0 
tract_MD fma 0 
tract_MD fmi 0 
tract_MD ifo_l 0 
tract_MD ifo_r 1 56132
tract_MD ilf_l 1 25424
tract_MD ilf_r 0 
tract_MD mcp 12 808,2704,8212,9122,9603,13400,19029,22539,40174,54595,55563,57261
tract_MD ml_l 1 29393
tract_MD ml_r 0 
tract_MD ptr_l 1 25424
tract_MD ptr_r 4 2333,38255,40767,47536
tract_MD slf_l 1 17613
tract_MD slf_r 0 
tract_MD str_l 9 3668,3904,17705,23290,25509,38988,39871,45881,54652
tract_MD str_r 8 12293,18037,19008,19108,24083,36287,40256,40923
tract_MD unc_l 2 36064,54916
tract_MD unc_r 3 609,31771,40449
tract_ICVF ar_l 2 15676,48510
tract_ICVF ar_r 3 2829,25839,54416
tract_ICVF atr_l 7 3667,21576,26478,29467,36236,48510,55247
tract_ICVF atr_r 6 29467,31943,34630,37548,42138,56332
tract_ICVF cgc_l 2 22158,37626
tract_ICVF cgc_r 0 
tract_ICVF cgh_l 0 
tract_ICVF cgh_r 1 47129
tract_ICVF cst_l 11 3667,3986,28274,29406,29467,36657,40254,43319,47129,48510,52550
tract_ICVF cst_r 7 19106,25839,36236,42138,42457,47129,54560
tract_ICVF fma 5 1018,15185,15901,20148,52355
tract_ICVF fmi 6 4336,11925,24916,25935,39743,56332
tract_ICVF ifo_l 5 15185,22158,25160,46187,47129
tract_ICVF ifo_r 4 25057,25160,55390,55392
tract_ICVF ilf_l 4 8459,47129,52355,56332
tract_ICVF ilf_r 7 1372,31152,31943,36236,46305,47129,55392
tract_ICVF mcp 103 223,272,1699,2581,2753,3021,4030,4177,4871,6096,6140,6784,7294,7911,8473,11641,12023,12078,12482,12666,13738,13845,13847,13962,13966,14376,15185,16957,16985,17371,17605,17752,17863,20771,20991,21798,23461,23679,25160,25873,27281,28370,29191,29256,29716,29846,29970,30166,30760,31035,31105,31147,31551,31811,31856,33521,33546,35226,35779,36233,37090,37299,38245,38388,38542,39277,39708,40516,40715,40807,40867,41779,44997,45464,45602,46467,47380,47546,48547,48615,49288,50756,51264,51488,51972,52140,52221,52355,52635,52858,53064,53777,53856,54199,54315,55237,55311,55505,55743,55831,57051,57099,57121
tract_ICVF ml_l 4 2260,34636,42337,55155
tract_ICVF ml_r 3 26673,34636,35169
tract_ICVF ptr_l 9 2829,3667,8459,15185,25160,31811,34331,44668,47129
tract_ICVF ptr_r 10 2829,3667,21526,25160,25494,33346,44668,47129,51404,52355
tract_ICVF slf_l 2 36236,55155
tract_ICVF slf_r 5 15777,31943,47129,55155,56332
tract_ICVF str_l 12 3667,8302,15777,17838,19106,20270,29137,29467,40254,48510,55155,55390
tract_ICVF str_r 8 5850,8133,25507,29406,29467,31943,37548,52550
tract_ICVF unc_l 7 12482,18735,21576,24149,25057,27572,30549
tract_ICVF unc_r 2 25057,34630
tract_ISOVF ar_l 1 43934
tract_ISOVF ar_r 3 26054,40464,42138
tract_ISOVF atr_l 0 
tract_ISOVF atr_r 0 
tract_ISOVF cgc_l 0 
tract_ISOVF cgc_r 0 
tract_ISOVF cgh_l 3 6391,31338,47276
tract_ISOVF cgh_r 2 5204,49466
tract_ISOVF cst_l 0 
tract_ISOVF cst_r 0 
tract_ISOVF fma 0 
tract_ISOVF fmi 0 
tract_ISOVF ifo_l 0 
tract_ISOVF ifo_r 0 
tract_ISOVF ilf_l 0 
tract_ISOVF ilf_r 0 
tract_ISOVF mcp 17 807,1573,5109,6973,9602,13399,14241,20489,26673,28769,34636,39081,40172,45642,51512,54593,55311
tract_ISOVF ml_l 1 49985
tract_ISOVF ml_r 2 8459,9391
tract_ISOVF ptr_l 0 
tract_ISOVF ptr_r 0 
tract_ISOVF slf_l 0 
tract_ISOVF slf_r 1 24651
tract_ISOVF str_l 3 16100,17703,19774
tract_ISOVF str_r 5 22023,22475,47234,47249,54914
tract_ISOVF unc_l 2 35674,53073
tract_ISOVF unc_r 0 
tract_OD ar_l 1 32458
tract_OD ar_r 0 
tract_OD atr_l 1 18700
tract_OD atr_r 1 14423
tract_OD cgc_l 0 
tract_OD cgc_r 0 
tract_OD cgh_l 0 
tract_OD cgh_r 7 2057,21187,26478,31126,46286,47276,49257
tract_OD cst_l 12 10546,18801,24560,26628,30855,31696,32271,32700,41697,50118,50973,56361
tract_OD cst_r 56 2027,2073,4776,4946,6799,6809,8359,8420,11854,11917,12064,12771,13228,13679,16265,18191,19425,19737,19937,20083,20440,20793,21971,22584,23397,23462,24560,26687,31114,31965,34061,34644,35493,37361,37759,38009,38826,39425,39506,41042,41069,42457,42958,43379,45757,45965,45986,49678,51043,51125,52984,53062,53467,53500,53984,55889
tract_OD fma 5 23813,24642,30652,34135,34177
tract_OD fmi 0 
tract_OD ifo_l 1 20730
tract_OD ifo_r 6 608,10688,13159,14266,27212,49655
tract_OD ilf_l 8 1136,7507,24649,28965,40847,42086,42829,48242
tract_OD ilf_r 14 869,2304,3548,6613,14852,18877,22886,27942,34366,38452,40582,46286,48242,57243
tract_OD mcp 122 1073,1106,1136,1308,1447,1573,1699,1873,1895,3155,3978,4227,5728,6110,6529,7100,7985,8011,8746,9101,9121,9522,10121,10275,10341,10522,11635,12822,13087,13966,14266,14414,15700,15777,15989,17085,17251,17695,17752,18278,18879,19226,19735,19910,22177,22511,22655,23362,23366,24651,25046,25997,26128,26545,26578,26706,28002,28174,28272,28422,28911,29466,29669,29716,29970,31035,31105,31653,31845,31856,32102,32627,32826,33346,33546,34517,35006,36200,36801,38077,38161,38192,38542,39277,39380,39643,40867,41533,42337,42531,42723,42861,44595,44997,45464,45497,45909,46467,47940,48183,48545,48989,49202,49937,50004,52140,52775,52890,53451,53693,53779,53865,54795,55237,55267,55294,55392,56164,56226,56947,57099,57661
tract_OD ml_l 0 
tract_OD ml_r 1 9545
tract_OD ptr_l 24 869,960,1106,1147,6617,9513,12292,14720,16144,19588,21367,21750,26510,29237,29957,37208,38794,38810,41828,45984,49954,55403,55929,57243
tract_OD ptr_r 26 995,2962,3665,3782,7129,13575,14053,16100,17799,18923,26001,26258,27942,28965,30811,38675,40582,41054,42086,45616,46851,48425,49627,51737,57070,57493
tract_OD slf_l 0 
tract_OD slf_r 0 
tract_OD str_l 2 14924,26605
tract_OD str_r 1 46187
tract_OD unc_l 1 54356
tract_OD unc_r 2 54501,55392
